CMDLINE /usr/local/bin/python3 MemTest.py
MEM 0.308594 1631459690.8673
MEM 7.343750 1631459690.9767
MEM 12.601562 1631459691.0838
MEM 17.492188 1631459691.1913
MEM 22.921875 1631459691.2987
MEM 24.031250 1631459691.4122
CHLD 0 4.113281 1631459691.4307
CHLD 1 3.605469 1631459691.4307
CHLD 2 1.433594 1631459691.4308
CHLD 3 0.878906 1631459691.4309
MEM 24.074219 1631459691.5352
CHLD 0 6.261719 1631459691.5465
CHLD 1 5.363281 1631459691.5465
CHLD 2 6.175781 1631459691.5466
CHLD 3 5.492188 1631459691.5466
CHLD 4 4.234375 1631459691.5467
CHLD 5 4.496094 1631459691.5467
CHLD 6 2.851562 1631459691.5468
CHLD 7 3.429688 1631459691.5468
CHLD 8 0.292969 1631459691.5469
CHLD 9 1.011719 1631459691.5469
MEM 24.074219 1631459691.6482
CHLD 0 7.718750 1631459691.6568
CHLD 1 7.152344 1631459691.6568
CHLD 2 7.089844 1631459691.6569
CHLD 3 6.789062 1631459691.6569
CHLD 4 6.257812 1631459691.6570
CHLD 5 6.308594 1631459691.6570
CHLD 6 6.507812 1631459691.6571
CHLD 7 6.628906 1631459691.6571
CHLD 8 6.187500 1631459691.6572
CHLD 9 6.449219 1631459691.6572
MEM 24.074219 1631459691.7584
CHLD 0 8.554688 1631459691.7665
CHLD 1 8.351562 1631459691.7666
CHLD 2 7.917969 1631459691.7666
CHLD 3 7.832031 1631459691.7667
CHLD 4 7.863281 1631459691.7667
CHLD 5 7.824219 1631459691.7668
CHLD 6 7.734375 1631459691.7668
CHLD 7 7.722656 1631459691.7669
CHLD 8 8.410156 1631459691.7669
CHLD 9 7.332031 1631459691.7669
MEM 24.074219 1631459691.8708
CHLD 0 8.554688 1631459691.8806
CHLD 1 9.500000 1631459691.8807
CHLD 2 9.433594 1631459691.8807
CHLD 3 9.277344 1631459691.8808
CHLD 4 8.664062 1631459691.8808
CHLD 5 8.460938 1631459691.8809
CHLD 6 8.812500 1631459691.8809
CHLD 7 8.789062 1631459691.8810
CHLD 8 8.945312 1631459691.8810
CHLD 9 8.492188 1631459691.8811
MEM 23.445312 1631459691.9813
CHLD 0 8.554688 1631459691.9903
CHLD 1 9.796875 1631459691.9903
CHLD 2 10.925781 1631459691.9904
CHLD 3 10.882812 1631459691.9904
CHLD 4 9.468750 1631459691.9905
CHLD 5 9.445312 1631459691.9905
CHLD 6 9.535156 1631459691.9906
CHLD 7 9.503906 1631459691.9906
CHLD 8 9.476562 1631459691.9906
CHLD 9 9.433594 1631459691.9907
MEM 23.445312 1631459692.0957
CHLD 0 8.554688 1631459692.1065
CHLD 1 13.472656 1631459692.1066
CHLD 2 13.519531 1631459692.1066
CHLD 3 11.925781 1631459692.1067
CHLD 4 9.468750 1631459692.1067
CHLD 5 9.445312 1631459692.1068
CHLD 6 11.980469 1631459692.1068
CHLD 7 11.218750 1631459692.1069
CHLD 8 10.945312 1631459692.1069
CHLD 9 9.433594 1631459692.1069
MEM 23.445312 1631459692.2080
CHLD 0 8.554688 1631459692.2176
CHLD 1 16.007812 1631459692.2176
CHLD 2 15.207031 1631459692.2177
CHLD 3 12.527344 1631459692.2177
CHLD 4 11.500000 1631459692.2178
CHLD 5 11.164062 1631459692.2178
CHLD 6 12.398438 1631459692.2179
CHLD 7 11.937500 1631459692.2179
CHLD 8 12.132812 1631459692.2180
CHLD 9 11.242188 1631459692.2180
MEM 23.445312 1631459692.3241
CHLD 0 8.554688 1631459692.3330
CHLD 1 16.781250 1631459692.3331
CHLD 2 15.910156 1631459692.3331
CHLD 3 14.535156 1631459692.3332
CHLD 4 13.039062 1631459692.3332
CHLD 5 12.539062 1631459692.3333
CHLD 6 13.980469 1631459692.3333
CHLD 7 13.531250 1631459692.3334
CHLD 8 15.195312 1631459692.3334
CHLD 9 12.492188 1631459692.3334
MEM 23.445312 1631459692.4346
CHLD 0 8.554688 1631459692.4443
CHLD 1 21.804688 1631459692.4443
CHLD 2 21.777344 1631459692.4444
CHLD 3 15.691406 1631459692.4444
CHLD 4 14.312500 1631459692.4445
CHLD 5 14.062500 1631459692.4445
CHLD 6 15.093750 1631459692.4446
CHLD 7 14.972656 1631459692.4447
CHLD 8 15.562500 1631459692.4447
CHLD 9 14.085938 1631459692.4448
MEM 23.445312 1631459692.5465
CHLD 0 8.554688 1631459692.5560
CHLD 1 22.882812 1631459692.5560
CHLD 2 22.531250 1631459692.5561
CHLD 3 18.890625 1631459692.5561
CHLD 4 15.578125 1631459692.5562
CHLD 5 15.437500 1631459692.5562
CHLD 6 17.710938 1631459692.5562
CHLD 7 16.773438 1631459692.5563
CHLD 8 18.550781 1631459692.5563
CHLD 9 15.160156 1631459692.5564
MEM 21.414062 1631459692.6592
CHLD 0 8.554688 1631459692.6694
CHLD 1 23.160156 1631459692.6695
CHLD 2 23.300781 1631459692.6695
CHLD 3 20.300781 1631459692.6696
CHLD 4 16.250000 1631459692.6696
CHLD 5 15.773438 1631459692.6697
CHLD 6 18.644531 1631459692.6697
CHLD 7 18.847656 1631459692.6698
CHLD 8 20.273438 1631459692.6698
CHLD 9 15.785156 1631459692.6698
MEM 19.468750 1631459692.7747
CHLD 0 8.554688 1631459692.7829
CHLD 1 24.382812 1631459692.7829
CHLD 2 23.980469 1631459692.7830
CHLD 3 21.824219 1631459692.7830
CHLD 4 18.582031 1631459692.7831
CHLD 5 17.718750 1631459692.7831
CHLD 6 20.605469 1631459692.7831
CHLD 7 20.742188 1631459692.7832
CHLD 8 21.796875 1631459692.7832
CHLD 9 17.000000 1631459692.7833
MEM 18.867188 1631459692.8874
CHLD 0 8.242188 1631459692.8963
CHLD 1 24.304688 1631459692.8963
CHLD 2 23.753906 1631459692.8964
CHLD 3 22.785156 1631459692.8964
CHLD 4 20.730469 1631459692.8964
CHLD 5 21.500000 1631459692.8965
CHLD 6 22.359375 1631459692.8965
CHLD 7 22.628906 1631459692.8966
CHLD 8 22.878906 1631459692.8966
CHLD 9 20.304688 1631459692.8966
MEM 17.867188 1631459692.9990
CHLD 0 8.171875 1631459693.0064
CHLD 1 24.289062 1631459693.0065
CHLD 2 23.761719 1631459693.0065
CHLD 3 23.742188 1631459693.0066
CHLD 4 22.644531 1631459693.0066
CHLD 5 22.285156 1631459693.0066
CHLD 6 23.382812 1631459693.0067
CHLD 7 23.386719 1631459693.0067
CHLD 8 24.167969 1631459693.0068
CHLD 9 22.328125 1631459693.0068
MEM 17.867188 1631459693.1078
CHLD 0 8.042969 1631459693.1195
CHLD 1 24.285156 1631459693.1195
CHLD 2 23.773438 1631459693.1196
CHLD 3 23.750000 1631459693.1196
CHLD 4 23.003906 1631459693.1197
CHLD 5 22.664062 1631459693.1197
CHLD 6 24.160156 1631459693.1198
CHLD 7 24.070312 1631459693.1198
CHLD 8 24.796875 1631459693.1210
CHLD 9 22.816406 1631459693.1211
MEM 17.867188 1631459693.2220
CHLD 0 7.519531 1631459693.2331
CHLD 1 24.257812 1631459693.2331
CHLD 2 23.746094 1631459693.2332
CHLD 3 23.746094 1631459693.2332
CHLD 4 23.476562 1631459693.2332
CHLD 5 23.074219 1631459693.2333
CHLD 6 24.152344 1631459693.2333
CHLD 7 24.398438 1631459693.2333
CHLD 8 24.847656 1631459693.2333
CHLD 9 23.007812 1631459693.2334
MEM 17.867188 1631459693.3338
CHLD 0 7.519531 1631459693.3434
CHLD 1 24.476562 1631459693.3434
CHLD 2 23.761719 1631459693.3435
CHLD 3 23.746094 1631459693.3435
CHLD 4 23.789062 1631459693.3435
CHLD 5 23.503906 1631459693.3436
CHLD 6 24.152344 1631459693.3436
CHLD 7 24.871094 1631459693.3437
CHLD 8 25.308594 1631459693.3437
CHLD 9 23.761719 1631459693.3437
MEM 17.867188 1631459693.4507
CHLD 0 7.519531 1631459693.4589
CHLD 1 24.476562 1631459693.4589
CHLD 2 23.765625 1631459693.4590
CHLD 3 23.746094 1631459693.4590
CHLD 4 23.812500 1631459693.4590
CHLD 5 24.414062 1631459693.4591
CHLD 6 24.152344 1631459693.4591
CHLD 7 24.871094 1631459693.4591
CHLD 8 25.308594 1631459693.4592
CHLD 9 24.128906 1631459693.4592
MEM 17.867188 1631459693.5605
CHLD 0 7.519531 1631459693.5687
CHLD 1 24.476562 1631459693.5688
CHLD 2 23.765625 1631459693.5688
CHLD 3 23.792969 1631459693.5689
CHLD 4 23.824219 1631459693.5689
CHLD 5 24.859375 1631459693.5689
CHLD 6 24.152344 1631459693.5690
CHLD 7 24.871094 1631459693.5690
CHLD 8 25.308594 1631459693.5691
CHLD 9 24.128906 1631459693.5691
MEM 17.867188 1631459693.6719
CHLD 0 7.519531 1631459693.6803
CHLD 1 24.476562 1631459693.6803
CHLD 2 23.765625 1631459693.6804
CHLD 3 23.792969 1631459693.6804
CHLD 4 23.871094 1631459693.6805
CHLD 5 24.859375 1631459693.6805
CHLD 6 24.152344 1631459693.6805
CHLD 7 24.871094 1631459693.6806
CHLD 8 25.308594 1631459693.6806
CHLD 9 24.128906 1631459693.6806
MEM 18.816406 1631459693.7816
CHLD 0 7.519531 1631459693.7893
CHLD 1 24.476562 1631459693.7894
CHLD 2 23.980469 1631459693.7894
CHLD 3 23.812500 1631459693.7894
CHLD 4 23.871094 1631459693.7895
CHLD 5 24.859375 1631459693.7895
CHLD 6 24.152344 1631459693.7895
CHLD 7 24.871094 1631459693.7896
CHLD 8 25.308594 1631459693.7896
CHLD 9 24.128906 1631459693.7897
MEM 18.816406 1631459693.8906
CHLD 0 7.519531 1631459693.8984
CHLD 1 24.476562 1631459693.8985
CHLD 2 23.980469 1631459693.8985
CHLD 3 23.828125 1631459693.8985
CHLD 4 23.890625 1631459693.8986
CHLD 5 24.859375 1631459693.8986
CHLD 6 24.152344 1631459693.8987
CHLD 7 24.871094 1631459693.8987
CHLD 8 25.308594 1631459693.8987
CHLD 9 24.128906 1631459693.8988
MEM 18.816406 1631459694.0097
CHLD 0 7.519531 1631459694.0172
CHLD 1 24.476562 1631459694.0173
CHLD 2 23.980469 1631459694.0173
CHLD 3 23.828125 1631459694.0174
CHLD 4 23.906250 1631459694.0174
CHLD 5 24.859375 1631459694.0174
CHLD 6 24.324219 1631459694.0175
CHLD 7 24.871094 1631459694.0175
CHLD 8 25.308594 1631459694.0176
CHLD 9 24.128906 1631459694.0176
MEM 18.859375 1631459694.1180
CHLD 0 7.519531 1631459694.1279
CHLD 1 24.476562 1631459694.1279
CHLD 2 23.980469 1631459694.1280
CHLD 3 23.601562 1631459694.1280
CHLD 4 23.906250 1631459694.1281
CHLD 5 24.859375 1631459694.1281
CHLD 6 24.324219 1631459694.1282
CHLD 7 24.871094 1631459694.1282
CHLD 8 25.308594 1631459694.1282
CHLD 9 24.304688 1631459694.1283
MEM 18.863281 1631459694.2300
CHLD 0 7.519531 1631459694.2376
CHLD 1 24.476562 1631459694.2377
CHLD 2 23.980469 1631459694.2377
CHLD 3 23.601562 1631459694.2378
CHLD 4 23.585938 1631459694.2378
CHLD 5 24.859375 1631459694.2379
CHLD 6 24.324219 1631459694.2379
CHLD 7 24.871094 1631459694.2379
CHLD 8 25.308594 1631459694.2380
CHLD 9 24.304688 1631459694.2380
MEM 18.863281 1631459694.3405
CHLD 0 7.519531 1631459694.3483
CHLD 1 24.476562 1631459694.3484
CHLD 2 23.980469 1631459694.3484
CHLD 3 23.601562 1631459694.3485
CHLD 4 23.585938 1631459694.3485
CHLD 5 24.859375 1631459694.3485
CHLD 6 24.324219 1631459694.3486
CHLD 7 24.871094 1631459694.3486
CHLD 8 25.308594 1631459694.3486
CHLD 9 24.304688 1631459694.3487
MEM 18.863281 1631459694.4500
CHLD 0 7.519531 1631459694.4595
CHLD 1 24.476562 1631459694.4595
CHLD 2 23.980469 1631459694.4596
CHLD 3 23.601562 1631459694.4596
CHLD 4 23.585938 1631459694.4596
CHLD 5 24.859375 1631459694.4597
CHLD 6 24.324219 1631459694.4597
CHLD 7 24.871094 1631459694.4598
CHLD 8 25.824219 1631459694.4598
CHLD 9 24.304688 1631459694.4598
MEM 18.863281 1631459694.5604
CHLD 0 7.519531 1631459694.5668
CHLD 1 24.476562 1631459694.5668
CHLD 2 23.980469 1631459694.5668
CHLD 3 23.601562 1631459694.5668
CHLD 4 23.585938 1631459694.5669
CHLD 5 24.859375 1631459694.5669
CHLD 6 24.492188 1631459694.5669
CHLD 7 24.871094 1631459694.5669
CHLD 8 25.824219 1631459694.5670
CHLD 9 24.304688 1631459694.5670
MEM 18.863281 1631459694.6678
CHLD 0 7.519531 1631459694.6763
CHLD 1 24.476562 1631459694.6764
CHLD 2 23.980469 1631459694.6764
CHLD 3 23.601562 1631459694.6765
CHLD 4 23.585938 1631459694.6765
CHLD 5 24.859375 1631459694.6766
CHLD 6 24.492188 1631459694.6766
CHLD 7 24.871094 1631459694.6767
CHLD 8 25.824219 1631459694.6767
CHLD 9 24.468750 1631459694.6768
MEM 18.863281 1631459694.7796
CHLD 0 7.519531 1631459694.7886
CHLD 1 24.476562 1631459694.7886
CHLD 2 23.980469 1631459694.7887
CHLD 3 23.601562 1631459694.7887
CHLD 4 23.585938 1631459694.7887
CHLD 5 24.859375 1631459694.7888
CHLD 6 24.492188 1631459694.7888
CHLD 7 24.871094 1631459694.7889
CHLD 8 25.824219 1631459694.7889
CHLD 9 24.468750 1631459694.7889
MEM 18.863281 1631459694.8904
CHLD 0 7.519531 1631459694.8984
CHLD 1 24.476562 1631459694.8985
CHLD 2 23.980469 1631459694.8985
CHLD 3 23.601562 1631459694.8986
CHLD 4 23.585938 1631459694.8986
CHLD 5 24.859375 1631459694.8987
CHLD 6 24.531250 1631459694.8987
CHLD 7 24.871094 1631459694.8987
CHLD 8 25.824219 1631459694.8988
CHLD 9 24.468750 1631459694.8988
MEM 18.863281 1631459695.0009
CHLD 0 7.519531 1631459695.0085
CHLD 1 24.476562 1631459695.0085
CHLD 2 23.980469 1631459695.0086
CHLD 3 23.601562 1631459695.0086
CHLD 4 23.585938 1631459695.0087
CHLD 5 24.859375 1631459695.0087
CHLD 6 24.531250 1631459695.0087
CHLD 7 24.871094 1631459695.0088
CHLD 8 25.824219 1631459695.0088
CHLD 9 24.507812 1631459695.0089
MEM 18.863281 1631459695.1112
CHLD 0 7.519531 1631459695.1192
CHLD 1 24.476562 1631459695.1193
CHLD 2 23.980469 1631459695.1193
CHLD 3 23.601562 1631459695.1194
CHLD 4 23.585938 1631459695.1194
CHLD 5 24.859375 1631459695.1194
CHLD 6 24.558594 1631459695.1195
CHLD 7 24.871094 1631459695.1195
CHLD 8 25.824219 1631459695.1195
CHLD 9 24.507812 1631459695.1196
MEM 18.863281 1631459695.2204
CHLD 0 7.519531 1631459695.2279
CHLD 1 24.476562 1631459695.2280
CHLD 2 23.980469 1631459695.2280
CHLD 3 23.601562 1631459695.2281
CHLD 4 23.585938 1631459695.2281
CHLD 5 24.859375 1631459695.2281
CHLD 6 24.558594 1631459695.2282
CHLD 7 24.871094 1631459695.2282
CHLD 8 25.824219 1631459695.2283
CHLD 9 24.535156 1631459695.2283
MEM 18.863281 1631459695.3320
CHLD 0 7.519531 1631459695.3405
CHLD 1 24.476562 1631459695.3405
CHLD 2 23.980469 1631459695.3406
CHLD 3 23.601562 1631459695.3406
CHLD 4 23.585938 1631459695.3407
CHLD 5 24.859375 1631459695.3407
CHLD 6 24.636719 1631459695.3407
CHLD 7 24.871094 1631459695.3408
CHLD 8 25.824219 1631459695.3408
CHLD 9 24.535156 1631459695.3409
MEM 18.863281 1631459695.4417
CHLD 0 7.519531 1631459695.4494
CHLD 1 24.476562 1631459695.4494
CHLD 2 23.980469 1631459695.4494
CHLD 3 23.601562 1631459695.4495
CHLD 4 23.585938 1631459695.4495
CHLD 5 24.859375 1631459695.4496
CHLD 6 24.636719 1631459695.4496
CHLD 7 25.277344 1631459695.4497
CHLD 8 25.824219 1631459695.4497
CHLD 9 24.613281 1631459695.4498
MEM 18.863281 1631459695.5502
CHLD 0 7.519531 1631459695.5585
CHLD 1 24.476562 1631459695.5586
CHLD 2 23.980469 1631459695.5586
CHLD 3 23.601562 1631459695.5589
CHLD 4 23.585938 1631459695.5589
CHLD 5 25.265625 1631459695.5590
CHLD 6 24.636719 1631459695.5590
CHLD 7 25.277344 1631459695.5591
CHLD 8 25.824219 1631459695.5591
CHLD 9 24.613281 1631459695.5591
MEM 18.863281 1631459695.6597
CHLD 0 7.519531 1631459695.6702
CHLD 1 24.449219 1631459695.6703
CHLD 2 23.968750 1631459695.6703
CHLD 3 23.546875 1631459695.6703
CHLD 4 23.519531 1631459695.6704
CHLD 5 25.246094 1631459695.6704
CHLD 6 24.558594 1631459695.6705
CHLD 7 25.273438 1631459695.6705
CHLD 8 25.773438 1631459695.6705
CHLD 9 24.582031 1631459695.6706
MEM 18.863281 1631459695.7750
CHLD 0 7.519531 1631459695.7838
CHLD 1 24.449219 1631459695.7839
CHLD 2 23.968750 1631459695.7841
CHLD 3 23.546875 1631459695.7842
CHLD 4 23.519531 1631459695.7842
CHLD 5 25.246094 1631459695.7843
CHLD 6 24.558594 1631459695.7843
CHLD 7 25.273438 1631459695.7844
CHLD 8 25.773438 1631459695.7844
CHLD 9 24.582031 1631459695.7844
MEM 18.863281 1631459695.8878
CHLD 0 7.519531 1631459695.8947
CHLD 1 24.613281 1631459695.8947
CHLD 2 23.968750 1631459695.8948
CHLD 3 23.546875 1631459695.8948
CHLD 4 23.519531 1631459695.8948
CHLD 5 25.246094 1631459695.8948
CHLD 6 24.558594 1631459695.8949
CHLD 7 25.273438 1631459695.8950
CHLD 8 25.773438 1631459695.8950
CHLD 9 24.582031 1631459695.8951
MEM 18.863281 1631459695.9958
CHLD 0 7.519531 1631459696.0033
CHLD 1 24.613281 1631459696.0033
CHLD 2 23.968750 1631459696.0034
CHLD 3 23.546875 1631459696.0034
CHLD 4 23.519531 1631459696.0034
CHLD 5 25.246094 1631459696.0035
CHLD 6 24.558594 1631459696.0035
CHLD 7 25.273438 1631459696.0035
CHLD 8 25.773438 1631459696.0036
CHLD 9 24.582031 1631459696.0036
MEM 18.863281 1631459696.1043
CHLD 0 7.519531 1631459696.1127
CHLD 1 24.613281 1631459696.1127
CHLD 2 23.968750 1631459696.1128
CHLD 3 23.546875 1631459696.1128
CHLD 4 23.519531 1631459696.1129
CHLD 5 25.246094 1631459696.1129
CHLD 6 24.558594 1631459696.1129
CHLD 7 25.273438 1631459696.1130
CHLD 8 25.773438 1631459696.1130
CHLD 9 24.582031 1631459696.1131
MEM 18.863281 1631459696.2159
CHLD 0 7.519531 1631459696.2238
CHLD 1 24.640625 1631459696.2239
CHLD 2 23.968750 1631459696.2239
CHLD 3 23.546875 1631459696.2240
CHLD 4 23.519531 1631459696.2240
CHLD 5 25.246094 1631459696.2240
CHLD 6 24.558594 1631459696.2241
CHLD 7 25.273438 1631459696.2241
CHLD 8 25.773438 1631459696.2242
CHLD 9 24.582031 1631459696.2242
MEM 18.863281 1631459696.3250
CHLD 0 7.519531 1631459696.3320
CHLD 1 24.640625 1631459696.3320
CHLD 2 23.968750 1631459696.3321
CHLD 3 23.546875 1631459696.3321
CHLD 4 23.519531 1631459696.3321
CHLD 5 25.246094 1631459696.3322
CHLD 6 24.601562 1631459696.3322
CHLD 7 25.273438 1631459696.3323
CHLD 8 25.773438 1631459696.3323
CHLD 9 24.582031 1631459696.3324
MEM 18.863281 1631459696.4327
CHLD 0 7.519531 1631459696.4404
CHLD 1 24.640625 1631459696.4404
CHLD 2 23.968750 1631459696.4405
CHLD 3 23.546875 1631459696.4405
CHLD 4 23.519531 1631459696.4406
CHLD 5 25.246094 1631459696.4406
CHLD 6 24.601562 1631459696.4407
CHLD 7 25.273438 1631459696.4407
CHLD 8 25.773438 1631459696.4408
CHLD 9 24.621094 1631459696.4409
MEM 18.863281 1631459696.5426
CHLD 0 7.519531 1631459696.5508
CHLD 1 24.640625 1631459696.5509
CHLD 2 23.968750 1631459696.5509
CHLD 3 23.546875 1631459696.5510
CHLD 4 23.519531 1631459696.5510
CHLD 5 25.246094 1631459696.5511
CHLD 6 24.601562 1631459696.5511
CHLD 7 25.273438 1631459696.5512
CHLD 8 25.773438 1631459696.5512
CHLD 9 24.621094 1631459696.5512
MEM 18.863281 1631459696.6516
CHLD 0 7.519531 1631459696.6600
CHLD 1 24.640625 1631459696.6601
CHLD 2 23.968750 1631459696.6601
CHLD 3 23.546875 1631459696.6602
CHLD 4 23.519531 1631459696.6602
CHLD 5 25.246094 1631459696.6603
CHLD 6 24.601562 1631459696.6603
CHLD 7 25.273438 1631459696.6605
CHLD 8 25.773438 1631459696.6605
CHLD 9 24.621094 1631459696.6606
MEM 18.863281 1631459696.7633
CHLD 0 7.519531 1631459696.7717
CHLD 1 24.718750 1631459696.7718
CHLD 2 23.968750 1631459696.7718
CHLD 3 23.546875 1631459696.7719
CHLD 4 23.519531 1631459696.7719
CHLD 5 25.246094 1631459696.7720
CHLD 6 24.601562 1631459696.7720
CHLD 7 25.273438 1631459696.7720
CHLD 8 25.773438 1631459696.7721
CHLD 9 24.621094 1631459696.7721
MEM 18.863281 1631459696.8757
CHLD 0 7.519531 1631459696.8833
CHLD 1 24.718750 1631459696.8834
CHLD 2 23.968750 1631459696.8834
CHLD 3 23.546875 1631459696.8834
CHLD 4 23.519531 1631459696.8835
CHLD 5 25.246094 1631459696.8835
CHLD 6 24.601562 1631459696.8836
CHLD 7 25.273438 1631459696.8836
CHLD 8 25.773438 1631459696.8836
CHLD 9 24.621094 1631459696.8837
MEM 18.863281 1631459696.9868
CHLD 0 7.519531 1631459696.9943
CHLD 1 24.718750 1631459696.9944
CHLD 2 23.968750 1631459696.9944
CHLD 3 23.546875 1631459696.9944
CHLD 4 23.519531 1631459696.9945
CHLD 5 25.246094 1631459696.9945
CHLD 6 24.695312 1631459696.9945
CHLD 7 25.273438 1631459696.9946
CHLD 8 25.773438 1631459696.9946
CHLD 9 24.621094 1631459696.9947
MEM 18.863281 1631459697.0991
CHLD 0 7.519531 1631459697.1068
CHLD 1 24.718750 1631459697.1068
CHLD 2 23.968750 1631459697.1069
CHLD 3 23.546875 1631459697.1069
CHLD 4 23.519531 1631459697.1070
CHLD 5 25.246094 1631459697.1070
CHLD 6 24.695312 1631459697.1070
CHLD 7 25.273438 1631459697.1071
CHLD 8 25.773438 1631459697.1071
CHLD 9 24.621094 1631459697.1072
MEM 18.863281 1631459697.2097
CHLD 0 7.519531 1631459697.2175
CHLD 1 24.718750 1631459697.2176
CHLD 2 23.968750 1631459697.2176
CHLD 3 23.546875 1631459697.2177
CHLD 4 23.519531 1631459697.2177
CHLD 5 25.246094 1631459697.2177
CHLD 6 24.695312 1631459697.2178
CHLD 7 25.671875 1631459697.2178
CHLD 8 25.773438 1631459697.2179
CHLD 9 24.714844 1631459697.2179
MEM 18.863281 1631459697.3191
CHLD 0 7.519531 1631459697.3267
CHLD 1 24.718750 1631459697.3268
CHLD 2 23.968750 1631459697.3268
CHLD 3 23.546875 1631459697.3269
CHLD 4 23.519531 1631459697.3269
CHLD 5 25.246094 1631459697.3269
CHLD 6 24.863281 1631459697.3270
CHLD 7 25.671875 1631459697.3270
CHLD 8 25.773438 1631459697.3270
CHLD 9 24.714844 1631459697.3271
MEM 18.863281 1631459697.4278
CHLD 0 7.519531 1631459697.4367
CHLD 1 24.718750 1631459697.4368
CHLD 2 23.968750 1631459697.4369
CHLD 3 23.546875 1631459697.4369
CHLD 4 23.519531 1631459697.4370
CHLD 5 25.644531 1631459697.4370
CHLD 6 24.863281 1631459697.4370
CHLD 7 25.671875 1631459697.4371
CHLD 8 25.773438 1631459697.4372
CHLD 9 24.878906 1631459697.4372
MEM 18.863281 1631459697.5407
CHLD 0 7.519531 1631459697.5484
CHLD 1 24.765625 1631459697.5485
CHLD 2 23.968750 1631459697.5485
CHLD 3 23.546875 1631459697.5486
CHLD 4 23.519531 1631459697.5486
CHLD 5 25.644531 1631459697.5486
CHLD 6 24.863281 1631459697.5487
CHLD 7 25.671875 1631459697.5487
CHLD 8 25.773438 1631459697.5488
CHLD 9 24.878906 1631459697.5488
MEM 18.863281 1631459697.6528
CHLD 0 7.519531 1631459697.6603
CHLD 1 24.781250 1631459697.6603
CHLD 2 23.968750 1631459697.6604
CHLD 3 23.546875 1631459697.6604
CHLD 4 23.519531 1631459697.6604
CHLD 5 25.644531 1631459697.6605
CHLD 6 24.863281 1631459697.6605
CHLD 7 25.671875 1631459697.6605
CHLD 8 25.773438 1631459697.6606
CHLD 9 24.878906 1631459697.6606
MEM 18.863281 1631459697.7610
CHLD 0 7.519531 1631459697.7688
CHLD 1 24.781250 1631459697.7688
CHLD 2 23.968750 1631459697.7689
CHLD 3 23.546875 1631459697.7689
CHLD 4 23.519531 1631459697.7690
CHLD 5 25.644531 1631459697.7690
CHLD 6 24.863281 1631459697.7690
CHLD 7 25.671875 1631459697.7691
CHLD 8 25.773438 1631459697.7691
CHLD 9 24.878906 1631459697.7692
MEM 18.863281 1631459697.8700
CHLD 0 7.519531 1631459697.8775
CHLD 1 24.781250 1631459697.8776
CHLD 2 23.968750 1631459697.8776
CHLD 3 23.546875 1631459697.8776
CHLD 4 23.519531 1631459697.8777
CHLD 5 25.644531 1631459697.8777
CHLD 6 24.863281 1631459697.8778
CHLD 7 25.671875 1631459697.8778
CHLD 8 25.773438 1631459697.8778
CHLD 9 24.878906 1631459697.8779
MEM 18.863281 1631459697.9798
CHLD 0 7.519531 1631459697.9874
CHLD 1 24.781250 1631459697.9875
CHLD 2 23.968750 1631459697.9875
CHLD 3 23.546875 1631459697.9875
CHLD 4 23.519531 1631459697.9876
CHLD 5 25.644531 1631459697.9876
CHLD 6 24.863281 1631459697.9877
CHLD 7 25.671875 1631459697.9877
CHLD 8 25.773438 1631459697.9877
CHLD 9 24.878906 1631459697.9878
MEM 18.863281 1631459698.0901
CHLD 0 7.519531 1631459698.0977
CHLD 1 24.781250 1631459698.0977
CHLD 2 23.968750 1631459698.0977
CHLD 3 23.546875 1631459698.0978
CHLD 4 23.519531 1631459698.0978
CHLD 5 25.644531 1631459698.0979
CHLD 6 24.863281 1631459698.0979
CHLD 7 25.769531 1631459698.0979
CHLD 8 25.773438 1631459698.0980
CHLD 9 24.878906 1631459698.0980
MEM 18.863281 1631459698.2003
CHLD 0 7.519531 1631459698.2079
CHLD 1 24.781250 1631459698.2080
CHLD 2 23.968750 1631459698.2080
CHLD 3 23.546875 1631459698.2080
CHLD 4 23.519531 1631459698.2081
CHLD 5 25.746094 1631459698.2081
CHLD 6 24.863281 1631459698.2081
CHLD 7 25.769531 1631459698.2082
CHLD 8 25.773438 1631459698.2082
CHLD 9 24.878906 1631459698.2083
MEM 18.863281 1631459698.3108
CHLD 0 7.519531 1631459698.3186
CHLD 1 24.781250 1631459698.3186
CHLD 2 23.968750 1631459698.3187
CHLD 3 23.546875 1631459698.3187
CHLD 4 23.519531 1631459698.3187
CHLD 5 25.746094 1631459698.3188
CHLD 6 24.863281 1631459698.3188
CHLD 7 25.769531 1631459698.3188
CHLD 8 25.773438 1631459698.3189
CHLD 9 24.878906 1631459698.3189
MEM 18.863281 1631459698.4193
CHLD 0 7.519531 1631459698.4269
CHLD 1 24.781250 1631459698.4270
CHLD 2 23.968750 1631459698.4270
CHLD 3 23.546875 1631459698.4270
CHLD 4 23.519531 1631459698.4271
CHLD 5 25.746094 1631459698.4271
CHLD 6 24.863281 1631459698.4272
CHLD 7 25.769531 1631459698.4272
CHLD 8 25.773438 1631459698.4272
CHLD 9 24.878906 1631459698.4273
MEM 18.863281 1631459698.5301
CHLD 0 7.519531 1631459698.5380
CHLD 1 24.781250 1631459698.5380
CHLD 2 23.968750 1631459698.5380
CHLD 3 23.546875 1631459698.5381
CHLD 4 23.519531 1631459698.5381
CHLD 5 25.746094 1631459698.5382
CHLD 6 24.863281 1631459698.5382
CHLD 7 25.769531 1631459698.5382
CHLD 8 25.773438 1631459698.5383
CHLD 9 24.878906 1631459698.5383
MEM 18.863281 1631459698.6419
CHLD 0 7.519531 1631459698.6496
CHLD 1 24.781250 1631459698.6497
CHLD 2 23.968750 1631459698.6497
CHLD 3 23.546875 1631459698.6497
CHLD 4 23.519531 1631459698.6498
CHLD 5 25.746094 1631459698.6498
CHLD 6 24.863281 1631459698.6499
CHLD 7 25.769531 1631459698.6499
CHLD 8 25.773438 1631459698.6499
CHLD 9 24.878906 1631459698.6500
MEM 18.863281 1631459698.7539
CHLD 0 7.519531 1631459698.7615
CHLD 1 24.781250 1631459698.7616
CHLD 2 23.968750 1631459698.7616
CHLD 3 23.546875 1631459698.7616
CHLD 4 23.519531 1631459698.7617
CHLD 5 25.746094 1631459698.7617
CHLD 6 24.863281 1631459698.7618
CHLD 7 25.769531 1631459698.7618
CHLD 8 25.773438 1631459698.7618
CHLD 9 24.878906 1631459698.7619
MEM 18.863281 1631459698.8637
CHLD 0 7.519531 1631459698.8714
CHLD 1 24.781250 1631459698.8715
CHLD 2 23.968750 1631459698.8715
CHLD 3 23.546875 1631459698.8716
CHLD 4 23.519531 1631459698.8716
CHLD 5 25.746094 1631459698.8716
CHLD 6 24.863281 1631459698.8717
CHLD 7 25.828125 1631459698.8717
CHLD 8 25.773438 1631459698.8718
CHLD 9 24.878906 1631459698.8718
MEM 18.863281 1631459698.9771
CHLD 0 7.519531 1631459698.9847
CHLD 1 24.781250 1631459698.9848
CHLD 2 23.968750 1631459698.9848
CHLD 3 23.546875 1631459698.9849
CHLD 4 23.519531 1631459698.9849
CHLD 5 25.800781 1631459698.9850
CHLD 6 24.863281 1631459698.9850
CHLD 7 25.828125 1631459698.9850
CHLD 8 25.773438 1631459698.9851
CHLD 9 24.878906 1631459698.9852
MEM 18.863281 1631459699.0928
CHLD 0 7.519531 1631459699.1003
CHLD 1 24.781250 1631459699.1004
CHLD 2 23.968750 1631459699.1004
CHLD 3 23.546875 1631459699.1005
CHLD 4 23.519531 1631459699.1005
CHLD 5 25.800781 1631459699.1005
CHLD 6 24.949219 1631459699.1006
CHLD 7 25.828125 1631459699.1006
CHLD 8 25.773438 1631459699.1006
CHLD 9 24.878906 1631459699.1007
MEM 18.863281 1631459699.2070
CHLD 0 7.519531 1631459699.2145
CHLD 1 24.781250 1631459699.2145
CHLD 2 23.968750 1631459699.2146
CHLD 3 23.546875 1631459699.2146
CHLD 4 23.519531 1631459699.2147
CHLD 5 25.800781 1631459699.2147
CHLD 6 24.949219 1631459699.2147
CHLD 7 25.828125 1631459699.2148
CHLD 8 25.773438 1631459699.2148
CHLD 9 24.964844 1631459699.2148
MEM 18.863281 1631459699.3178
CHLD 0 7.519531 1631459699.3254
CHLD 1 24.781250 1631459699.3254
CHLD 2 23.968750 1631459699.3255
CHLD 3 23.546875 1631459699.3255
CHLD 4 23.519531 1631459699.3255
CHLD 5 25.800781 1631459699.3256
CHLD 6 24.949219 1631459699.3256
CHLD 7 25.828125 1631459699.3257
CHLD 8 25.773438 1631459699.3257
CHLD 9 24.964844 1631459699.3257
MEM 18.863281 1631459699.4283
CHLD 0 7.519531 1631459699.4358
CHLD 1 24.781250 1631459699.4358
CHLD 2 23.968750 1631459699.4358
CHLD 3 23.546875 1631459699.4359
CHLD 4 23.519531 1631459699.4359
CHLD 5 25.800781 1631459699.4360
CHLD 6 24.949219 1631459699.4360
CHLD 7 25.828125 1631459699.4360
CHLD 8 25.773438 1631459699.4361
CHLD 9 24.964844 1631459699.4361
MEM 21.433594 1631459699.5367
CHLD 0 7.519531 1631459699.5437
CHLD 1 27.113281 1631459699.5438
CHLD 2 23.968750 1631459699.5438
CHLD 3 23.546875 1631459699.5439
CHLD 4 23.519531 1631459699.5439
CHLD 5 25.800781 1631459699.5440
CHLD 6 25.031250 1631459699.5440
CHLD 7 26.023438 1631459699.5440
CHLD 8 25.773438 1631459699.5441
CHLD 9 24.964844 1631459699.5441
MEM 21.433594 1631459699.6511
CHLD 0 7.519531 1631459699.6586
CHLD 1 27.113281 1631459699.6587
CHLD 2 23.968750 1631459699.6587
CHLD 3 23.546875 1631459699.6588
CHLD 4 23.519531 1631459699.6588
CHLD 5 26.000000 1631459699.6588
CHLD 6 25.031250 1631459699.6589
CHLD 7 26.023438 1631459699.6589
CHLD 8 25.773438 1631459699.6589
CHLD 9 25.046875 1631459699.6590
MEM 21.433594 1631459699.7595
CHLD 0 7.519531 1631459699.7671
CHLD 1 27.113281 1631459699.7671
CHLD 2 23.968750 1631459699.7672
CHLD 3 23.546875 1631459699.7672
CHLD 4 23.519531 1631459699.7672
CHLD 5 26.000000 1631459699.7673
CHLD 6 25.031250 1631459699.7673
CHLD 7 26.023438 1631459699.7674
CHLD 8 25.773438 1631459699.7674
CHLD 9 25.046875 1631459699.7674
MEM 21.433594 1631459699.8700
CHLD 0 7.519531 1631459699.8779
CHLD 1 27.113281 1631459699.8779
CHLD 2 23.968750 1631459699.8780
CHLD 3 23.546875 1631459699.8780
CHLD 4 23.519531 1631459699.8780
CHLD 5 26.000000 1631459699.8781
CHLD 6 25.031250 1631459699.8781
CHLD 7 26.023438 1631459699.8781
CHLD 8 25.773438 1631459699.8782
CHLD 9 25.046875 1631459699.8782
MEM 21.433594 1631459699.9796
CHLD 0 7.519531 1631459699.9871
CHLD 1 27.113281 1631459699.9872
CHLD 2 23.968750 1631459699.9872
CHLD 3 23.546875 1631459699.9872
CHLD 4 23.519531 1631459699.9873
CHLD 5 26.000000 1631459699.9873
CHLD 6 25.031250 1631459699.9873
CHLD 7 26.023438 1631459699.9874
CHLD 8 25.773438 1631459699.9874
CHLD 9 25.046875 1631459699.9875
MEM 21.433594 1631459700.0917
CHLD 0 7.519531 1631459700.0993
CHLD 1 27.113281 1631459700.0993
CHLD 2 23.968750 1631459700.0994
CHLD 3 23.546875 1631459700.0994
CHLD 4 23.519531 1631459700.0995
CHLD 5 26.000000 1631459700.0995
CHLD 6 25.031250 1631459700.0995
CHLD 7 26.023438 1631459700.0996
CHLD 8 25.773438 1631459700.0996
CHLD 9 25.046875 1631459700.0997
MEM 21.433594 1631459700.2012
CHLD 0 7.519531 1631459700.2088
CHLD 1 27.113281 1631459700.2089
CHLD 2 23.968750 1631459700.2089
CHLD 3 23.546875 1631459700.2089
CHLD 4 23.519531 1631459700.2090
CHLD 5 26.000000 1631459700.2090
CHLD 6 25.031250 1631459700.2091
CHLD 7 26.023438 1631459700.2091
CHLD 8 25.773438 1631459700.2091
CHLD 9 25.046875 1631459700.2092
MEM 20.339844 1631459700.3177
CHLD 0 7.519531 1631459700.3255
CHLD 1 27.113281 1631459700.3256
CHLD 2 23.968750 1631459700.3256
CHLD 3 23.546875 1631459700.3256
CHLD 4 23.519531 1631459700.3257
CHLD 5 26.000000 1631459700.3257
CHLD 6 25.488281 1631459700.3258
CHLD 7 26.023438 1631459700.3258
CHLD 8 25.773438 1631459700.3258
CHLD 9 25.046875 1631459700.3259
MEM 20.609375 1631459700.4296
CHLD 0 7.519531 1631459700.4371
CHLD 1 27.113281 1631459700.4371
CHLD 2 23.968750 1631459700.4372
CHLD 3 23.546875 1631459700.4372
CHLD 4 23.519531 1631459700.4372
CHLD 5 26.000000 1631459700.4373
CHLD 6 25.488281 1631459700.4373
CHLD 7 26.023438 1631459700.4374
CHLD 8 25.773438 1631459700.4374
CHLD 9 24.050781 1631459700.4374
MEM 20.609375 1631459700.5385
CHLD 0 7.519531 1631459700.5456
CHLD 1 27.113281 1631459700.5457
CHLD 2 23.968750 1631459700.5457
CHLD 3 23.546875 1631459700.5458
CHLD 4 23.519531 1631459700.5458
CHLD 5 26.000000 1631459700.5458
CHLD 6 25.488281 1631459700.5459
CHLD 7 26.023438 1631459700.5459
CHLD 8 25.773438 1631459700.5460
CHLD 9 24.050781 1631459700.5460
MEM 20.609375 1631459700.6512
CHLD 0 7.519531 1631459700.6587
CHLD 1 27.113281 1631459700.6587
CHLD 2 23.968750 1631459700.6588
CHLD 3 23.546875 1631459700.6588
CHLD 4 23.519531 1631459700.6588
CHLD 5 26.000000 1631459700.6589
CHLD 6 25.488281 1631459700.6589
CHLD 7 26.023438 1631459700.6590
CHLD 8 25.773438 1631459700.6590
CHLD 9 24.050781 1631459700.6590
MEM 20.609375 1631459700.7637
CHLD 0 7.519531 1631459700.7712
CHLD 1 27.113281 1631459700.7713
CHLD 2 23.968750 1631459700.7713
CHLD 3 23.546875 1631459700.7714
CHLD 4 23.519531 1631459700.7714
CHLD 5 26.000000 1631459700.7714
CHLD 6 25.488281 1631459700.7715
CHLD 7 26.023438 1631459700.7715
CHLD 8 26.171875 1631459700.7716
CHLD 9 24.050781 1631459700.7716
MEM 20.609375 1631459700.8755
CHLD 0 7.519531 1631459700.8831
CHLD 1 27.113281 1631459700.8831
CHLD 2 23.968750 1631459700.8831
CHLD 3 23.546875 1631459700.8832
CHLD 4 23.519531 1631459700.8832
CHLD 5 26.000000 1631459700.8833
CHLD 6 25.488281 1631459700.8833
CHLD 7 26.023438 1631459700.8833
CHLD 8 26.171875 1631459700.8834
CHLD 9 24.050781 1631459700.8834
MEM 20.609375 1631459700.9867
CHLD 0 7.519531 1631459700.9941
CHLD 1 27.113281 1631459700.9941
CHLD 2 23.968750 1631459700.9942
CHLD 3 23.546875 1631459700.9942
CHLD 4 23.519531 1631459700.9943
CHLD 5 26.000000 1631459700.9943
CHLD 6 25.488281 1631459700.9943
CHLD 7 26.023438 1631459700.9944
CHLD 8 26.171875 1631459700.9944
CHLD 9 24.050781 1631459700.9944
MEM 20.609375 1631459701.0968
CHLD 0 7.519531 1631459701.1043
CHLD 1 27.113281 1631459701.1044
CHLD 2 23.968750 1631459701.1044
CHLD 3 23.546875 1631459701.1044
CHLD 4 23.519531 1631459701.1045
CHLD 5 26.000000 1631459701.1045
CHLD 6 25.488281 1631459701.1046
CHLD 7 26.128906 1631459701.1046
CHLD 8 26.171875 1631459701.1046
CHLD 9 24.050781 1631459701.1047
MEM 20.609375 1631459701.2056
CHLD 0 7.519531 1631459701.2110
CHLD 1 27.113281 1631459701.2111
CHLD 2 23.968750 1631459701.2111
CHLD 3 23.546875 1631459701.2111
CHLD 4 23.519531 1631459701.2111
CHLD 5 26.101562 1631459701.2112
CHLD 6 25.488281 1631459701.2112
CHLD 7 26.128906 1631459701.2112
CHLD 8 26.230469 1631459701.2112
CHLD 9 24.050781 1631459701.2113
MEM 20.609375 1631459701.3157
CHLD 0 7.519531 1631459701.3232
CHLD 1 27.113281 1631459701.3232
CHLD 2 23.968750 1631459701.3233
CHLD 3 23.546875 1631459701.3234
CHLD 4 23.519531 1631459701.3235
CHLD 5 26.101562 1631459701.3235
CHLD 6 25.488281 1631459701.3235
CHLD 7 26.128906 1631459701.3236
CHLD 8 26.230469 1631459701.3236
CHLD 9 24.050781 1631459701.3237
MEM 20.609375 1631459701.4257
CHLD 0 7.519531 1631459701.4312
CHLD 1 27.113281 1631459701.4312
CHLD 2 23.968750 1631459701.4312
CHLD 3 23.546875 1631459701.4313
CHLD 4 23.519531 1631459701.4313
CHLD 5 26.101562 1631459701.4314
CHLD 6 25.488281 1631459701.4314
CHLD 7 26.128906 1631459701.4314
CHLD 8 26.230469 1631459701.4315
CHLD 9 24.050781 1631459701.4315
MEM 20.609375 1631459701.5366
CHLD 0 7.519531 1631459701.5442
CHLD 1 27.113281 1631459701.5443
CHLD 2 23.968750 1631459701.5443
CHLD 3 23.546875 1631459701.5444
CHLD 4 23.519531 1631459701.5444
CHLD 5 26.101562 1631459701.5444
CHLD 6 25.488281 1631459701.5445
CHLD 7 26.128906 1631459701.5446
CHLD 8 26.230469 1631459701.5447
CHLD 9 24.050781 1631459701.5447
MEM 20.609375 1631459701.6585
CHLD 0 7.519531 1631459701.6657
CHLD 1 27.113281 1631459701.6658
CHLD 2 23.968750 1631459701.6658
CHLD 3 23.546875 1631459701.6658
CHLD 4 23.519531 1631459701.6658
CHLD 5 26.101562 1631459701.6659
CHLD 6 25.488281 1631459701.6659
CHLD 7 26.128906 1631459701.6659
CHLD 8 26.230469 1631459701.6659
CHLD 9 24.050781 1631459701.6660
MEM 20.609375 1631459701.7662
CHLD 0 7.519531 1631459701.7737
CHLD 1 24.042969 1631459701.7737
CHLD 2 20.644531 1631459701.7738
CHLD 3 21.574219 1631459701.7738
CHLD 4 22.984375 1631459701.7739
CHLD 5 25.492188 1631459701.7739
CHLD 6 23.632812 1631459701.7739
CHLD 7 24.324219 1631459701.7740
CHLD 8 24.441406 1631459701.7740
CHLD 9 23.445312 1631459701.7740
MEM 20.609375 1631459701.8774
CHLD 0 7.519531 1631459701.8851
CHLD 1 24.042969 1631459701.8851
CHLD 2 20.644531 1631459701.8851
CHLD 3 21.574219 1631459701.8852
CHLD 4 22.984375 1631459701.8852
CHLD 5 25.492188 1631459701.8852
CHLD 6 23.632812 1631459701.8853
CHLD 7 24.324219 1631459701.8853
CHLD 8 24.441406 1631459701.8854
CHLD 9 23.445312 1631459701.8854
MEM 20.609375 1631459701.9859
CHLD 0 7.519531 1631459701.9928
CHLD 1 24.042969 1631459701.9928
CHLD 2 20.644531 1631459701.9928
CHLD 3 21.574219 1631459701.9929
CHLD 4 22.984375 1631459701.9929
CHLD 5 25.492188 1631459701.9930
CHLD 6 23.632812 1631459701.9930
CHLD 7 24.324219 1631459701.9930
CHLD 8 24.441406 1631459701.9931
CHLD 9 23.445312 1631459701.9931
MEM 20.609375 1631459702.0983
CHLD 0 7.519531 1631459702.1060
CHLD 1 24.042969 1631459702.1060
CHLD 2 20.644531 1631459702.1061
CHLD 3 21.574219 1631459702.1061
CHLD 4 22.984375 1631459702.1062
CHLD 5 25.492188 1631459702.1062
CHLD 6 23.632812 1631459702.1062
CHLD 7 24.324219 1631459702.1063
CHLD 8 24.640625 1631459702.1063
CHLD 9 23.445312 1631459702.1063
MEM 20.609375 1631459702.2142
CHLD 0 7.519531 1631459702.2220
CHLD 1 24.042969 1631459702.2221
CHLD 2 20.644531 1631459702.2221
CHLD 3 21.574219 1631459702.2221
CHLD 4 22.984375 1631459702.2222
CHLD 5 25.492188 1631459702.2222
CHLD 6 23.632812 1631459702.2222
CHLD 7 24.535156 1631459702.2223
CHLD 8 24.640625 1631459702.2223
CHLD 9 23.445312 1631459702.2224
MEM 20.609375 1631459702.3235
CHLD 0 7.519531 1631459702.3310
CHLD 1 24.042969 1631459702.3311
CHLD 2 20.644531 1631459702.3311
CHLD 3 21.574219 1631459702.3311
CHLD 4 22.984375 1631459702.3312
CHLD 5 25.703125 1631459702.3312
CHLD 6 23.632812 1631459702.3313
CHLD 7 24.535156 1631459702.3313
CHLD 8 24.640625 1631459702.3313
CHLD 9 23.445312 1631459702.3314
MEM 20.609375 1631459702.4366
CHLD 0 7.519531 1631459702.4443
CHLD 1 24.042969 1631459702.4444
CHLD 2 20.644531 1631459702.4444
CHLD 3 21.574219 1631459702.4444
CHLD 4 22.984375 1631459702.4445
CHLD 5 25.703125 1631459702.4445
CHLD 6 23.632812 1631459702.4446
CHLD 7 24.535156 1631459702.4446
CHLD 8 24.640625 1631459702.4446
CHLD 9 23.445312 1631459702.4447
MEM 20.609375 1631459702.5459
CHLD 0 7.519531 1631459702.5534
CHLD 1 24.042969 1631459702.5534
CHLD 2 20.644531 1631459702.5535
CHLD 3 21.574219 1631459702.5535
CHLD 4 22.984375 1631459702.5535
CHLD 5 25.703125 1631459702.5536
CHLD 6 23.632812 1631459702.5536
CHLD 7 24.535156 1631459702.5536
CHLD 8 24.640625 1631459702.5537
CHLD 9 23.445312 1631459702.5537
MEM 20.609375 1631459702.6586
CHLD 0 7.519531 1631459702.6662
CHLD 1 24.042969 1631459702.6663
CHLD 2 20.644531 1631459702.6663
CHLD 3 21.574219 1631459702.6663
CHLD 4 22.984375 1631459702.6664
CHLD 5 25.703125 1631459702.6664
CHLD 6 23.632812 1631459702.6664
CHLD 7 24.933594 1631459702.6665
CHLD 8 24.640625 1631459702.6665
CHLD 9 23.445312 1631459702.6666
MEM 20.609375 1631459702.7668
CHLD 0 7.519531 1631459702.7742
CHLD 1 24.042969 1631459702.7742
CHLD 2 20.644531 1631459702.7743
CHLD 3 21.574219 1631459702.7743
CHLD 4 22.984375 1631459702.7743
CHLD 5 26.097656 1631459702.7744
CHLD 6 23.632812 1631459702.7744
CHLD 7 24.933594 1631459702.7745
CHLD 8 24.640625 1631459702.7745
CHLD 9 23.445312 1631459702.7745
MEM 20.609375 1631459702.8756
CHLD 0 7.519531 1631459702.8831
CHLD 1 24.042969 1631459702.8832
CHLD 2 20.644531 1631459702.8832
CHLD 3 21.574219 1631459702.8833
CHLD 4 22.984375 1631459702.8833
CHLD 5 26.097656 1631459702.8833
CHLD 6 23.632812 1631459702.8834
CHLD 7 24.933594 1631459702.8834
CHLD 8 24.640625 1631459702.8835
CHLD 9 23.445312 1631459702.8835
MEM 20.609375 1631459702.9866
CHLD 0 7.519531 1631459702.9942
CHLD 1 24.042969 1631459702.9942
CHLD 2 20.644531 1631459702.9943
CHLD 3 21.574219 1631459702.9943
CHLD 4 22.984375 1631459702.9943
CHLD 5 26.097656 1631459702.9944
CHLD 6 23.632812 1631459702.9944
CHLD 7 24.933594 1631459702.9945
CHLD 8 24.640625 1631459702.9945
CHLD 9 23.445312 1631459702.9945
MEM 20.609375 1631459703.0953
CHLD 0 7.519531 1631459703.1036
CHLD 1 24.042969 1631459703.1037
CHLD 2 20.644531 1631459703.1037
CHLD 3 21.574219 1631459703.1038
CHLD 4 22.984375 1631459703.1038
CHLD 5 26.371094 1631459703.1039
CHLD 6 23.632812 1631459703.1039
CHLD 7 25.347656 1631459703.1039
CHLD 8 24.640625 1631459703.1040
CHLD 9 23.445312 1631459703.1040
MEM 20.609375 1631459703.2092
CHLD 0 7.519531 1631459703.2171
CHLD 1 24.042969 1631459703.2172
CHLD 2 20.644531 1631459703.2172
CHLD 3 21.574219 1631459703.2172
CHLD 4 22.984375 1631459703.2173
CHLD 5 26.511719 1631459703.2173
CHLD 6 23.632812 1631459703.2173
CHLD 7 25.347656 1631459703.2174
CHLD 8 24.640625 1631459703.2174
CHLD 9 23.445312 1631459703.2175
MEM 20.609375 1631459703.3182
CHLD 0 7.519531 1631459703.3286
CHLD 1 24.042969 1631459703.3287
CHLD 2 20.644531 1631459703.3287
CHLD 3 21.574219 1631459703.3288
CHLD 4 22.984375 1631459703.3288
CHLD 5 26.511719 1631459703.3289
CHLD 6 23.632812 1631459703.3289
CHLD 7 25.347656 1631459703.3289
CHLD 8 24.640625 1631459703.3292
CHLD 9 23.445312 1631459703.3292
MEM 20.609375 1631459703.4345
CHLD 0 7.519531 1631459703.4420
CHLD 1 24.042969 1631459703.4421
CHLD 2 20.644531 1631459703.4421
CHLD 3 21.574219 1631459703.4421
CHLD 4 22.984375 1631459703.4422
CHLD 5 26.511719 1631459703.4422
CHLD 6 23.632812 1631459703.4423
CHLD 7 25.347656 1631459703.4423
CHLD 8 24.746094 1631459703.4423
CHLD 9 23.445312 1631459703.4424
MEM 20.609375 1631459703.5477
CHLD 0 7.519531 1631459703.5552
CHLD 1 24.042969 1631459703.5552
CHLD 2 20.644531 1631459703.5552
CHLD 3 21.574219 1631459703.5553
CHLD 4 22.984375 1631459703.5553
CHLD 5 26.511719 1631459703.5554
CHLD 6 23.632812 1631459703.5554
CHLD 7 25.347656 1631459703.5554
CHLD 8 24.746094 1631459703.5555
CHLD 9 23.445312 1631459703.5555
MEM 20.609375 1631459703.6595
CHLD 0 7.519531 1631459703.6670
CHLD 1 24.042969 1631459703.6671
CHLD 2 20.644531 1631459703.6671
CHLD 3 21.574219 1631459703.6672
CHLD 4 22.984375 1631459703.6672
CHLD 5 26.511719 1631459703.6672
CHLD 6 23.632812 1631459703.6673
CHLD 7 25.347656 1631459703.6673
CHLD 8 24.746094 1631459703.6673
CHLD 9 23.445312 1631459703.6674
MEM 20.609375 1631459703.7699
CHLD 0 7.519531 1631459703.7775
CHLD 1 24.042969 1631459703.7775
CHLD 2 20.644531 1631459703.7776
CHLD 3 21.574219 1631459703.7776
CHLD 4 22.984375 1631459703.7777
CHLD 5 26.511719 1631459703.7777
CHLD 6 23.632812 1631459703.7777
CHLD 7 25.347656 1631459703.7778
CHLD 8 24.792969 1631459703.7778
CHLD 9 23.445312 1631459703.7778
MEM 20.609375 1631459703.8830
CHLD 0 7.519531 1631459703.8908
CHLD 1 24.042969 1631459703.8908
CHLD 2 20.644531 1631459703.8909
CHLD 3 21.574219 1631459703.8909
CHLD 4 22.984375 1631459703.8909
CHLD 5 26.511719 1631459703.8910
CHLD 6 23.632812 1631459703.8910
CHLD 7 25.347656 1631459703.8911
CHLD 8 24.792969 1631459703.8911
CHLD 9 23.445312 1631459703.8911
MEM 20.609375 1631459703.9914
CHLD 0 7.519531 1631459703.9990
CHLD 1 24.042969 1631459703.9990
CHLD 2 20.644531 1631459703.9991
CHLD 3 21.574219 1631459703.9991
CHLD 4 22.984375 1631459703.9992
CHLD 5 26.511719 1631459703.9992
CHLD 6 23.632812 1631459703.9992
CHLD 7 25.347656 1631459703.9993
CHLD 8 24.792969 1631459703.9993
CHLD 9 23.445312 1631459703.9993
MEM 20.609375 1631459704.0996
CHLD 0 7.519531 1631459704.1070
CHLD 1 24.042969 1631459704.1071
CHLD 2 20.644531 1631459704.1071
CHLD 3 21.574219 1631459704.1072
CHLD 4 22.984375 1631459704.1072
CHLD 5 26.511719 1631459704.1072
CHLD 6 23.632812 1631459704.1073
CHLD 7 25.347656 1631459704.1073
CHLD 8 24.792969 1631459704.1074
CHLD 9 23.445312 1631459704.1074
MEM 20.609375 1631459704.2131
CHLD 0 7.519531 1631459704.2185
CHLD 1 24.042969 1631459704.2185
CHLD 2 20.644531 1631459704.2185
CHLD 3 21.574219 1631459704.2186
CHLD 4 22.984375 1631459704.2186
CHLD 5 26.511719 1631459704.2186
CHLD 6 23.632812 1631459704.2186
CHLD 7 25.347656 1631459704.2187
CHLD 8 24.792969 1631459704.2187
CHLD 9 23.445312 1631459704.2187
MEM 20.609375 1631459704.3199
CHLD 0 7.519531 1631459704.3275
CHLD 1 24.042969 1631459704.3276
CHLD 2 20.644531 1631459704.3276
CHLD 3 21.574219 1631459704.3276
CHLD 4 22.984375 1631459704.3277
CHLD 5 26.511719 1631459704.3277
CHLD 6 23.632812 1631459704.3277
CHLD 7 25.347656 1631459704.3278
CHLD 8 24.792969 1631459704.3278
CHLD 9 23.445312 1631459704.3279
MEM 20.609375 1631459704.4315
CHLD 0 7.519531 1631459704.4393
CHLD 1 24.042969 1631459704.4393
CHLD 2 20.644531 1631459704.4394
CHLD 3 21.574219 1631459704.4394
CHLD 4 22.984375 1631459704.4394
CHLD 5 26.511719 1631459704.4395
CHLD 6 23.632812 1631459704.4395
CHLD 7 25.347656 1631459704.4396
CHLD 8 24.792969 1631459704.4396
CHLD 9 23.445312 1631459704.4396
MEM 20.609375 1631459704.5417
CHLD 0 7.519531 1631459704.5493
CHLD 1 24.042969 1631459704.5494
CHLD 2 20.644531 1631459704.5494
CHLD 3 21.574219 1631459704.5494
CHLD 4 22.984375 1631459704.5495
CHLD 5 26.511719 1631459704.5495
CHLD 6 23.632812 1631459704.5495
CHLD 7 25.347656 1631459704.5496
CHLD 8 24.792969 1631459704.5496
CHLD 9 23.445312 1631459704.5497
MEM 20.609375 1631459704.6514
CHLD 0 7.519531 1631459704.6589
CHLD 1 24.042969 1631459704.6589
CHLD 2 20.644531 1631459704.6590
CHLD 3 21.574219 1631459704.6590
CHLD 4 22.984375 1631459704.6590
CHLD 5 26.511719 1631459704.6591
CHLD 6 23.632812 1631459704.6591
CHLD 7 25.347656 1631459704.6592
CHLD 8 24.792969 1631459704.6592
CHLD 9 23.445312 1631459704.6593
MEM 20.609375 1631459704.7646
CHLD 0 7.519531 1631459704.7722
CHLD 1 24.042969 1631459704.7722
CHLD 2 20.644531 1631459704.7723
CHLD 3 21.574219 1631459704.7723
CHLD 4 22.984375 1631459704.7723
CHLD 5 26.511719 1631459704.7724
CHLD 6 23.632812 1631459704.7724
CHLD 7 25.347656 1631459704.7725
CHLD 8 24.792969 1631459704.7725
CHLD 9 23.445312 1631459704.7725
MEM 20.609375 1631459704.8732
CHLD 0 7.519531 1631459704.8808
CHLD 1 24.042969 1631459704.8808
CHLD 2 20.644531 1631459704.8809
CHLD 3 21.574219 1631459704.8809
CHLD 4 22.984375 1631459704.8809
CHLD 5 26.511719 1631459704.8810
CHLD 6 23.632812 1631459704.8810
CHLD 7 25.347656 1631459704.8810
CHLD 8 24.792969 1631459704.8811
CHLD 9 23.445312 1631459704.8811
MEM 20.609375 1631459704.9819
CHLD 0 7.519531 1631459704.9910
CHLD 1 24.042969 1631459704.9911
CHLD 2 20.644531 1631459704.9911
CHLD 3 21.574219 1631459704.9912
CHLD 4 22.984375 1631459704.9912
CHLD 5 26.511719 1631459704.9913
CHLD 6 23.632812 1631459704.9913
CHLD 7 25.347656 1631459704.9914
CHLD 8 24.792969 1631459704.9916
CHLD 9 23.445312 1631459704.9916
MEM 20.609375 1631459705.0921
CHLD 0 7.519531 1631459705.1021
CHLD 1 24.042969 1631459705.1021
CHLD 2 20.644531 1631459705.1022
CHLD 3 21.574219 1631459705.1022
CHLD 4 22.984375 1631459705.1022
CHLD 5 26.511719 1631459705.1023
CHLD 6 23.632812 1631459705.1024
CHLD 7 25.347656 1631459705.1024
CHLD 8 24.792969 1631459705.1025
CHLD 9 23.445312 1631459705.1025
MEM 20.609375 1631459705.2058
CHLD 0 7.519531 1631459705.2141
CHLD 1 24.042969 1631459705.2142
CHLD 2 20.644531 1631459705.2142
CHLD 3 21.574219 1631459705.2143
CHLD 4 22.984375 1631459705.2144
CHLD 5 26.511719 1631459705.2144
CHLD 6 23.632812 1631459705.2145
CHLD 7 25.347656 1631459705.2145
CHLD 8 24.792969 1631459705.2145
CHLD 9 23.445312 1631459705.2146
MEM 20.609375 1631459705.3150
CHLD 0 7.519531 1631459705.3273
CHLD 1 24.042969 1631459705.3274
CHLD 2 20.644531 1631459705.3275
CHLD 3 21.574219 1631459705.3276
CHLD 4 22.984375 1631459705.3277
CHLD 5 26.511719 1631459705.3277
CHLD 6 23.632812 1631459705.3278
CHLD 7 25.347656 1631459705.3278
CHLD 8 24.792969 1631459705.3279
CHLD 9 23.445312 1631459705.3280
MEM 20.609375 1631459705.4298
CHLD 0 7.519531 1631459705.4379
CHLD 1 24.042969 1631459705.4380
CHLD 2 20.644531 1631459705.4380
CHLD 3 21.574219 1631459705.4381
CHLD 4 22.984375 1631459705.4381
CHLD 5 26.511719 1631459705.4381
CHLD 6 23.632812 1631459705.4382
CHLD 7 25.347656 1631459705.4382
CHLD 8 24.792969 1631459705.4383
CHLD 9 23.445312 1631459705.4383
MEM 20.609375 1631459705.5391
CHLD 0 7.519531 1631459705.5472
CHLD 1 24.042969 1631459705.5473
CHLD 2 20.644531 1631459705.5473
CHLD 3 21.574219 1631459705.5473
CHLD 4 22.984375 1631459705.5474
CHLD 5 26.511719 1631459705.5474
CHLD 6 23.632812 1631459705.5475
CHLD 7 25.347656 1631459705.5475
CHLD 8 24.792969 1631459705.5475
CHLD 9 23.445312 1631459705.5476
MEM 20.609375 1631459705.6508
CHLD 0 7.519531 1631459705.6590
CHLD 1 24.042969 1631459705.6591
CHLD 2 20.644531 1631459705.6591
CHLD 3 21.574219 1631459705.6591
CHLD 4 22.984375 1631459705.6592
CHLD 5 26.511719 1631459705.6592
CHLD 6 23.632812 1631459705.6593
CHLD 7 25.347656 1631459705.6593
CHLD 8 24.792969 1631459705.6593
CHLD 9 23.445312 1631459705.6594
MEM 20.609375 1631459705.7598
CHLD 0 7.519531 1631459705.7671
CHLD 1 24.042969 1631459705.7672
CHLD 2 20.644531 1631459705.7672
CHLD 3 21.574219 1631459705.7672
CHLD 4 22.984375 1631459705.7673
CHLD 5 26.511719 1631459705.7673
CHLD 6 23.632812 1631459705.7674
CHLD 7 25.554688 1631459705.7674
CHLD 8 24.792969 1631459705.7674
CHLD 9 23.445312 1631459705.7675
MEM 20.609375 1631459705.8699
CHLD 0 7.519531 1631459705.8789
CHLD 1 24.042969 1631459705.8790
CHLD 2 20.644531 1631459705.8790
CHLD 3 21.574219 1631459705.8791
CHLD 4 22.984375 1631459705.8791
CHLD 5 26.511719 1631459705.8792
CHLD 6 23.632812 1631459705.8792
CHLD 7 25.554688 1631459705.8792
CHLD 8 24.792969 1631459705.8793
CHLD 9 23.445312 1631459705.8793
MEM 20.609375 1631459705.9844
CHLD 0 7.519531 1631459705.9927
CHLD 1 24.042969 1631459705.9927
CHLD 2 20.644531 1631459705.9928
CHLD 3 21.574219 1631459705.9928
CHLD 4 22.984375 1631459705.9928
CHLD 5 26.718750 1631459705.9929
CHLD 6 23.632812 1631459705.9929
CHLD 7 25.554688 1631459705.9930
CHLD 8 24.792969 1631459705.9930
CHLD 9 23.445312 1631459705.9930
MEM 20.609375 1631459706.0941
CHLD 0 7.519531 1631459706.1017
CHLD 1 24.042969 1631459706.1017
CHLD 2 20.644531 1631459706.1018
CHLD 3 21.574219 1631459706.1018
CHLD 4 22.984375 1631459706.1019
CHLD 5 26.718750 1631459706.1019
CHLD 6 23.632812 1631459706.1019
CHLD 7 25.554688 1631459706.1020
CHLD 8 24.792969 1631459706.1020
CHLD 9 23.445312 1631459706.1020
MEM 20.609375 1631459706.2032
CHLD 0 7.519531 1631459706.2107
CHLD 1 24.042969 1631459706.2107
CHLD 2 20.644531 1631459706.2108
CHLD 3 21.574219 1631459706.2108
CHLD 4 22.984375 1631459706.2108
CHLD 5 26.718750 1631459706.2109
CHLD 6 23.632812 1631459706.2109
CHLD 7 25.554688 1631459706.2110
CHLD 8 24.792969 1631459706.2110
CHLD 9 23.445312 1631459706.2110
MEM 20.609375 1631459706.3154
CHLD 0 7.519531 1631459706.3229
CHLD 1 24.042969 1631459706.3230
CHLD 2 20.644531 1631459706.3230
CHLD 3 21.574219 1631459706.3231
CHLD 4 22.984375 1631459706.3231
CHLD 5 26.718750 1631459706.3231
CHLD 6 23.632812 1631459706.3232
CHLD 7 25.554688 1631459706.3232
CHLD 8 24.792969 1631459706.3232
CHLD 9 23.445312 1631459706.3233
MEM 20.609375 1631459706.4236
CHLD 0 7.519531 1631459706.4311
CHLD 1 24.042969 1631459706.4311
CHLD 2 20.644531 1631459706.4312
CHLD 3 21.574219 1631459706.4312
CHLD 4 22.984375 1631459706.4313
CHLD 5 26.718750 1631459706.4313
CHLD 6 23.632812 1631459706.4313
CHLD 7 25.554688 1631459706.4314
CHLD 8 24.792969 1631459706.4314
CHLD 9 23.445312 1631459706.4315
MEM 20.609375 1631459706.5365
CHLD 0 7.519531 1631459706.5439
CHLD 1 24.042969 1631459706.5439
CHLD 2 20.644531 1631459706.5440
CHLD 3 21.574219 1631459706.5440
CHLD 4 22.984375 1631459706.5440
CHLD 5 26.718750 1631459706.5441
CHLD 6 23.632812 1631459706.5441
CHLD 7 25.554688 1631459706.5442
CHLD 8 24.792969 1631459706.5442
CHLD 9 23.445312 1631459706.5442
MEM 20.609375 1631459706.6454
CHLD 0 7.519531 1631459706.6529
CHLD 1 24.042969 1631459706.6529
CHLD 2 20.644531 1631459706.6530
CHLD 3 21.574219 1631459706.6530
CHLD 4 22.984375 1631459706.6530
CHLD 5 26.718750 1631459706.6531
CHLD 6 23.632812 1631459706.6531
CHLD 7 25.757812 1631459706.6532
CHLD 8 24.792969 1631459706.6532
CHLD 9 23.445312 1631459706.6532
MEM 20.609375 1631459706.7585
CHLD 0 7.519531 1631459706.7661
CHLD 1 24.042969 1631459706.7661
CHLD 2 20.644531 1631459706.7662
CHLD 3 21.574219 1631459706.7662
CHLD 4 22.984375 1631459706.7662
CHLD 5 26.921875 1631459706.7663
CHLD 6 23.632812 1631459706.7663
CHLD 7 25.757812 1631459706.7663
CHLD 8 24.792969 1631459706.7664
CHLD 9 23.445312 1631459706.7664
MEM 20.609375 1631459706.8699
CHLD 0 7.519531 1631459706.8774
CHLD 1 24.042969 1631459706.8774
CHLD 2 20.644531 1631459706.8775
CHLD 3 21.574219 1631459706.8775
CHLD 4 22.984375 1631459706.8776
CHLD 5 26.921875 1631459706.8776
CHLD 6 23.632812 1631459706.8776
CHLD 7 25.757812 1631459706.8777
CHLD 8 24.792969 1631459706.8777
CHLD 9 23.445312 1631459706.8778
MEM 20.609375 1631459706.9825
CHLD 0 7.519531 1631459706.9903
CHLD 1 24.042969 1631459706.9904
CHLD 2 20.644531 1631459706.9904
CHLD 3 21.574219 1631459706.9904
CHLD 4 22.984375 1631459706.9905
CHLD 5 26.921875 1631459706.9905
CHLD 6 23.632812 1631459706.9906
CHLD 7 25.757812 1631459706.9906
CHLD 8 24.792969 1631459706.9906
CHLD 9 23.445312 1631459706.9907
MEM 20.609375 1631459707.0939
CHLD 0 7.519531 1631459707.1015
CHLD 1 24.042969 1631459707.1016
CHLD 2 20.644531 1631459707.1016
CHLD 3 21.574219 1631459707.1017
CHLD 4 22.984375 1631459707.1017
CHLD 5 26.921875 1631459707.1017
CHLD 6 23.632812 1631459707.1018
CHLD 7 25.757812 1631459707.1018
CHLD 8 24.792969 1631459707.1018
CHLD 9 23.445312 1631459707.1019
MEM 20.207031 1631459707.2032
CHLD 0 7.519531 1631459707.2109
CHLD 1 24.042969 1631459707.2109
CHLD 2 20.644531 1631459707.2109
CHLD 3 21.574219 1631459707.2110
CHLD 4 22.984375 1631459707.2110
CHLD 5 26.921875 1631459707.2111
CHLD 6 23.632812 1631459707.2111
CHLD 7 25.757812 1631459707.2113
CHLD 8 30.339844 1631459707.2113
CHLD 9 23.445312 1631459707.2114
MEM 20.207031 1631459707.3156
CHLD 0 7.519531 1631459707.3211
CHLD 1 24.042969 1631459707.3211
CHLD 2 20.644531 1631459707.3211
CHLD 3 21.574219 1631459707.3211
CHLD 4 22.984375 1631459707.3212
CHLD 5 26.921875 1631459707.3212
CHLD 6 23.632812 1631459707.3212
CHLD 7 25.757812 1631459707.3212
CHLD 8 30.339844 1631459707.3213
CHLD 9 23.445312 1631459707.3213
MEM 20.207031 1631459707.4251
CHLD 0 7.519531 1631459707.4315
CHLD 1 24.042969 1631459707.4315
CHLD 2 20.644531 1631459707.4316
CHLD 3 21.574219 1631459707.4316
CHLD 4 22.984375 1631459707.4316
CHLD 5 26.921875 1631459707.4316
CHLD 6 23.632812 1631459707.4317
CHLD 7 25.812500 1631459707.4317
CHLD 8 30.339844 1631459707.4317
CHLD 9 23.445312 1631459707.4317
MEM 20.207031 1631459707.5365
CHLD 0 7.519531 1631459707.5430
CHLD 1 24.042969 1631459707.5430
CHLD 2 20.644531 1631459707.5431
CHLD 3 21.574219 1631459707.5431
CHLD 4 22.984375 1631459707.5431
CHLD 5 26.976562 1631459707.5431
CHLD 6 23.632812 1631459707.5432
CHLD 7 25.812500 1631459707.5432
CHLD 8 30.339844 1631459707.5432
CHLD 9 23.445312 1631459707.5432
MEM 20.207031 1631459707.6475
CHLD 0 7.519531 1631459707.6548
CHLD 1 24.042969 1631459707.6548
CHLD 2 20.644531 1631459707.6549
CHLD 3 21.574219 1631459707.6549
CHLD 4 22.984375 1631459707.6549
CHLD 5 26.976562 1631459707.6550
CHLD 6 23.632812 1631459707.6550
CHLD 7 25.812500 1631459707.6551
CHLD 8 30.339844 1631459707.6551
CHLD 9 23.445312 1631459707.6551
MEM 20.207031 1631459707.7554
CHLD 0 7.519531 1631459707.7604
CHLD 1 24.042969 1631459707.7604
CHLD 2 20.644531 1631459707.7605
CHLD 3 21.574219 1631459707.7605
CHLD 4 22.984375 1631459707.7605
CHLD 5 26.976562 1631459707.7605
CHLD 6 23.632812 1631459707.7606
CHLD 7 25.812500 1631459707.7606
CHLD 8 30.339844 1631459707.7606
CHLD 9 23.445312 1631459707.7606
MEM 20.207031 1631459707.8635
CHLD 0 7.519531 1631459707.8691
CHLD 1 24.042969 1631459707.8692
CHLD 2 20.644531 1631459707.8692
CHLD 3 21.574219 1631459707.8693
CHLD 4 22.984375 1631459707.8693
CHLD 5 26.976562 1631459707.8693
CHLD 6 23.632812 1631459707.8694
CHLD 7 25.812500 1631459707.8694
CHLD 8 30.339844 1631459707.8695
CHLD 9 23.445312 1631459707.8695
MEM 20.207031 1631459707.9699
CHLD 0 7.519531 1631459707.9760
CHLD 1 24.042969 1631459707.9760
CHLD 2 20.644531 1631459707.9760
CHLD 3 21.574219 1631459707.9760
CHLD 4 22.984375 1631459707.9761
CHLD 5 26.976562 1631459707.9761
CHLD 6 23.632812 1631459707.9761
CHLD 7 25.812500 1631459707.9761
CHLD 8 30.339844 1631459707.9761
CHLD 9 23.445312 1631459707.9762
MEM 22.648438 1631459708.0765
CHLD 0 7.519531 1631459708.0815
CHLD 1 24.042969 1631459708.0815
CHLD 2 20.644531 1631459708.0815
CHLD 3 21.574219 1631459708.0816
CHLD 4 22.984375 1631459708.0816
CHLD 5 26.976562 1631459708.0816
CHLD 6 23.632812 1631459708.0816
CHLD 7 26.851562 1631459708.0816
CHLD 8 30.339844 1631459708.0817
CHLD 9 23.445312 1631459708.0817
MEM 23.597656 1631459708.1989
CHLD 0 7.519531 1631459708.2073
CHLD 1 25.621094 1631459708.2074
CHLD 2 22.664062 1631459708.2074
CHLD 3 22.539062 1631459708.2074
CHLD 4 23.152344 1631459708.2075
CHLD 5 24.503906 1631459708.2075
CHLD 6 24.484375 1631459708.2076
CHLD 7 27.570312 1631459708.2076
CHLD 8 31.023438 1631459708.2076
CHLD 9 23.621094 1631459708.2077
MEM 23.597656 1631459708.3128
CHLD 0 7.519531 1631459708.3199
CHLD 1 0.000000 1631459708.3212
